t[s],u[mm]
9.999999999999999547e-07,0.000000000000000000e+00
1.999999999999999909e-06,3.098467855136623227e-05
3.000000000000000076e-06,7.316110731389210660e-05
3.999999999999999819e-06,9.392728844748564755e-05
5.000000000000000409e-06,1.380500768161653210e-04
6.000000000000000152e-06,1.568698983436050899e-04
6.999999999999999048e-06,2.087782711175200485e-04
7.999999999999999638e-06,2.421963006232836146e-04
9.000000000000001922e-06,3.101625415946727580e-04
1.000000000000000082e-05,3.698570826963034925e-04
1.100000000000000141e-05,4.621531836961648111e-04
1.200000000000000030e-05,5.685615231904485182e-04
1.300000000000000089e-05,7.440665775772213348e-04
1.399999999999999810e-05,9.453623200565792681e-04
1.500000000000000038e-05,1.245924592159081135e-03
1.599999999999999928e-05,1.606825325877934540e-03
1.700000000000000325e-05,2.139493864131528176e-03
1.800000000000000384e-05,2.790896031604689961e-03
1.900000000000000105e-05,3.707493600397892067e-03
2.000000000000000164e-05,4.819223755875638206e-03
2.100000000000000223e-05,6.324123223176313438e-03
2.200000000000000282e-05,8.111743649147740154e-03
2.300000000000000002e-05,1.042732459239789286e-02
2.400000000000000061e-05,1.311320756727402462e-02
2.500000000000000120e-05,1.641805537792258296e-02
2.600000000000000179e-05,2.015110113408000170e-02
2.700000000000000238e-05,2.451428654246908673e-02
2.799999999999999619e-05,2.925897799506734995e-02
2.900000000000000017e-05,3.453943262908219791e-02
3.000000000000000076e-05,4.007920752838543821e-02
3.100000000000000135e-05,4.593825634967924759e-02
3.199999999999999855e-05,5.179918861293196508e-02
3.300000000000000253e-05,5.771516987601682525e-02
3.400000000000000651e-05,6.336683892053245060e-02
3.500000000000000371e-05,6.880546355629241217e-02
3.600000000000000769e-05,7.379927093688148920e-02
3.700000000000000489e-05,7.850558379252658980e-02
3.800000000000000209e-05,8.274072989109501619e-02
3.899999999999999929e-05,8.682326755757822923e-02
4.000000000000000327e-05,9.054499981568744915e-02
4.099999999999999370e-05,9.431273027519014585e-02
4.200000000000000445e-05,9.799212815350605288e-02
4.299999999999999488e-05,1.019841578356034673e-01
4.400000000000000563e-05,1.060791625389940068e-01
4.499999999999999606e-05,1.106613918676585817e-01
4.600000000000000004e-05,1.154055723880869772e-01
4.700000000000000401e-05,1.206388752818491755e-01
4.800000000000000122e-05,1.259168339392236491e-01
4.900000000000000519e-05,1.314148726873141937e-01
5.000000000000000240e-05,1.367331949861122775e-01
5.099999999999999960e-05,1.420171531550064592e-01
5.200000000000000358e-05,1.469734435162614872e-01
5.300000000000000078e-05,1.518198977670845440e-01
5.400000000000000476e-05,1.563737925493728642e-01
5.500000000000000196e-05,1.609025199808158946e-01
5.599999999999999238e-05,1.653303604977539865e-01
5.700000000000000314e-05,1.699870399426069434e-01
5.800000000000000034e-05,1.747034841452396736e-01
5.900000000000000432e-05,1.797265749462349793e-01
6.000000000000000152e-05,1.847865115476736708e-01
6.099999999999999872e-05,1.900548497902303235e-01
6.200000000000000270e-05,1.951946377907965435e-01
6.299999999999999990e-05,2.004152403706206953e-01
6.399999999999999710e-05,2.054188284527482811e-01
6.500000000000000786e-05,2.104068109146391419e-01
6.600000000000000506e-05,2.150931101192465889e-01
6.700000000000000226e-05,2.197132214187952626e-01
6.800000000000001302e-05,2.241644918252397312e-01
6.900000000000001022e-05,2.288216092119526035e-01
7.000000000000000742e-05,2.334903907421627955e-01
7.099999999999999107e-05,2.384516587505977336e-01
7.200000000000001538e-05,2.434571445807851009e-01
7.299999999999999903e-05,2.487089140229743756e-01
7.400000000000000978e-05,2.538414029925416537e-01
7.499999999999999343e-05,2.590347801867401989e-01
7.600000000000000418e-05,2.638986648155496328e-01
7.700000000000000139e-05,2.687630746826299988e-01
7.799999999999999859e-05,2.733024443932304259e-01
7.899999999999999579e-05,2.778943084428136534e-01
8.000000000000000654e-05,2.822974782349755851e-01
8.100000000000000375e-05,2.870105061991397588e-01
8.199999999999998740e-05,2.917231549056528705e-01
8.300000000000001170e-05,2.967358810826300486e-01
8.400000000000000890e-05,3.016451656842523144e-01
8.500000000000000611e-05,3.068004419366369140e-01
8.599999999999998976e-05,3.118128618462728818e-01
8.700000000000000051e-05,3.169695979048573475e-01
8.800000000000001126e-05,3.217591783980984776e-01
8.900000000000000847e-05,3.265932972865336348e-01
8.999999999999999212e-05,3.311960225862040086e-01
9.100000000000000287e-05,3.361332767826530343e-01
9.200000000000000007e-05,3.407374618885231632e-01
9.300000000000001083e-05,3.457024524027678680e-01
9.400000000000000803e-05,3.505383087525416053e-01
9.500000000000000523e-05,3.560492667855003623e-01
9.600000000000000243e-05,3.611522676698320500e-01
9.699999999999998608e-05,3.664549113580834461e-01
9.800000000000001039e-05,3.711730343378458752e-01
9.900000000000000759e-05,3.762995524080950949e-01
1.000000000000000048e-04,3.810147557754578473e-01
1.009999999999999884e-04,3.859558784583360658e-01
1.019999999999999992e-04,3.904510890313935279e-01
1.030000000000000100e-04,3.954793621443981610e-01
1.040000000000000072e-04,4.003906174843901433e-01
1.050000000000000044e-04,4.056592476881868969e-01
1.060000000000000016e-04,4.104381715961697430e-01
1.069999999999999988e-04,4.155530112168206447e-01
1.080000000000000095e-04,4.204049254347920761e-01
1.090000000000000067e-04,4.254204982338585239e-01
1.100000000000000039e-04,4.299970200122432140e-01
1.110000000000000011e-04,4.346977126140192382e-01
1.119999999999999848e-04,4.391088383499698877e-01
1.130000000000000091e-04,4.438201875370043625e-01
1.140000000000000063e-04,4.485106471892811308e-01
1.150000000000000035e-04,4.534652730795072362e-01
1.160000000000000007e-04,4.582477005223695721e-01
1.169999999999999979e-04,4.631215991297482626e-01
1.180000000000000086e-04,4.678261459118529531e-01
1.190000000000000058e-04,4.727764653737896450e-01
1.200000000000000030e-04,4.771705113772031215e-01
1.210000000000000002e-04,4.817252233590020305e-01
1.219999999999999974e-04,4.859280347502455966e-01
1.230000000000000082e-04,4.905917942551674127e-01
1.240000000000000054e-04,4.949756216151824928e-01
1.250000000000000026e-04,4.994607738315623435e-01
1.259999999999999998e-04,5.035920547190171348e-01
1.269999999999999970e-04,5.080567696486002482e-01
1.279999999999999942e-04,5.118747031352742782e-01
1.290000000000000185e-04,5.156771039920217126e-01
1.300000000000000157e-04,5.187870533689000752e-01
1.310000000000000129e-04,5.219164835675532688e-01
1.320000000000000101e-04,5.244123435694052482e-01
1.330000000000000073e-04,5.269057873000354553e-01
1.340000000000000045e-04,5.288269653952238913e-01
1.350000000000000017e-04,5.307277278087472183e-01
1.360000000000000260e-04,5.320596332343054957e-01
1.369999999999999961e-04,5.331623706916313044e-01
1.380000000000000204e-04,5.337327390169552821e-01
1.390000000000000176e-04,5.342208980641778293e-01
1.400000000000000148e-04,5.340759642712267219e-01
1.409999999999999849e-04,5.339592767063766621e-01
1.419999999999999821e-04,5.335097302630411598e-01
1.430000000000000064e-04,5.331911047869645204e-01
1.440000000000000308e-04,5.327415583436290181e-01
1.450000000000000009e-04,5.325353357552253808e-01
1.459999999999999981e-04,5.321908953582733526e-01
1.469999999999999953e-04,5.321189749402486235e-01
1.480000000000000196e-04,5.318630966060180487e-01
1.489999999999999897e-04,5.320641598013696738e-01
1.499999999999999869e-04,5.321055952325053351e-01
1.510000000000000112e-04,5.324886473574605983e-01
1.520000000000000084e-04,5.325300827885962596e-01
1.530000000000000056e-04,5.331024236040571296e-01
1.540000000000000028e-04,5.335326557895055943e-01
1.550000000000000000e-04,5.342047451625967502e-01
1.559999999999999972e-04,5.342783028992552641e-01
1.569999999999999944e-04,5.345124482227060492e-01
1.579999999999999916e-04,5.341855329451629109e-01
1.590000000000000159e-04,5.341423150906573492e-01
1.600000000000000131e-04,5.338076139367478046e-01
1.610000000000000103e-04,5.337580700120755361e-01
1.620000000000000075e-04,5.335528054944810306e-01
1.630000000000000047e-04,5.337285582049894339e-01
1.639999999999999748e-04,5.337627015392056862e-01
1.649999999999999991e-04,5.342124116998063776e-01
1.660000000000000234e-04,5.344012944911983309e-01
1.669999999999999935e-04,5.347293538918505007e-01
1.680000000000000178e-04,5.348175100554583006e-01
1.689999999999999879e-04,5.352920369214551055e-01
1.700000000000000122e-04,5.354789730612796728e-01
1.710000000000000094e-04,5.359243038032810436e-01
1.719999999999999795e-04,5.361715788426638651e-01
1.730000000000000309e-04,5.365205623754804032e-01
1.740000000000000010e-04,5.365002060349375324e-01
1.749999999999999982e-04,5.367508964369049895e-01
1.760000000000000225e-04,5.368200743900126692e-01
1.769999999999999926e-04,5.370002079789265581e-01
1.780000000000000169e-04,5.369521145906850368e-01
1.789999999999999870e-04,5.374159366978188412e-01
1.799999999999999842e-04,5.378082179365403226e-01
1.810000000000000356e-04,5.383863939623332318e-01
1.820000000000000057e-04,5.386623724411190306e-01
1.830000000000000029e-04,5.392974809087028865e-01
1.840000000000000001e-04,5.393720090515328192e-01
1.849999999999999973e-04,5.395769615355520132e-01
1.860000000000000217e-04,5.394062420908398714e-01
1.869999999999999917e-04,5.397007290144902880e-01
1.880000000000000161e-04,5.396424146471604510e-01
1.889999999999999862e-04,5.399860488661385460e-01
1.900000000000000105e-04,5.401447587772068015e-01
1.910000000000000077e-04,5.408338824098721798e-01
1.920000000000000049e-04,5.410320070883342103e-01
1.930000000000000021e-04,5.414515512297004562e-01
1.939999999999999722e-04,5.413231661647814885e-01
1.950000000000000236e-04,5.416205727008315263e-01
1.960000000000000208e-04,5.414907278297128590e-01
1.969999999999999909e-04,5.417973800483291136e-01
1.980000000000000152e-04,5.418013512321248060e-01
1.989999999999999853e-04,5.423021569454073987e-01
2.000000000000000096e-04,5.423796052845591964e-01
