t[s],u[mm]
9.999999999999999547e-07,0.000000000000000000e+00
1.999999999999999909e-06,7.338701232330678227e-06
3.000000000000000076e-06,2.343623966328360755e-05
3.999999999999999819e-06,4.002040449093004188e-05
5.000000000000000409e-06,5.271170412564871470e-05
6.000000000000000152e-06,5.372462715251440562e-05
6.999999999999999048e-06,7.322833138939156567e-05
7.999999999999999638e-06,7.618768701272110686e-05
9.000000000000001922e-06,9.666457105267520710e-05
1.000000000000000082e-05,9.913737326962124958e-05
1.100000000000000141e-05,1.332390665138922159e-04
1.200000000000000030e-05,1.439841525230770090e-04
1.300000000000000089e-05,1.698135619751092382e-04
1.399999999999999810e-05,1.688801983861309237e-04
1.500000000000000038e-05,1.898436358324686040e-04
1.599999999999999928e-05,1.971824830454191313e-04
1.700000000000000325e-05,2.181459204917568387e-04
1.800000000000000384e-05,2.128331383034673657e-04
1.900000000000000105e-05,2.493678175505857283e-04
2.000000000000000164e-05,2.430818555592193625e-04
2.100000000000000223e-05,2.776701022098739631e-04
2.200000000000000282e-05,2.567860782208037534e-04
2.300000000000000002e-05,2.889413388686110930e-04
2.400000000000000061e-05,2.826553768772446188e-04
2.500000000000000120e-05,3.303818793258327222e-04
2.600000000000000179e-05,3.163102599389209049e-04
2.700000000000000238e-05,3.489521469834216657e-04
2.799999999999999619e-05,3.363403337962802436e-04
2.900000000000000017e-05,3.665491618476237668e-04
3.000000000000000076e-05,3.480981238614007638e-04
3.100000000000000135e-05,3.734409434118947228e-04
3.199999999999999855e-05,3.564497481205971033e-04
3.300000000000000253e-05,3.973638094718717718e-04
3.400000000000000651e-05,3.857252125829623121e-04
3.500000000000000371e-05,4.339383049330887941e-04
3.600000000000000769e-05,4.218131546377958899e-04
3.700000000000000489e-05,4.529951259970612363e-04
3.800000000000000209e-05,4.603340826954766744e-04
3.899999999999999929e-05,5.002748912533641753e-04
4.000000000000000327e-05,5.144262525539381684e-04
4.099999999999999370e-05,5.334432209086569085e-04
4.200000000000000445e-05,5.271572954124455852e-04
4.299999999999999488e-05,5.617455055679451432e-04
4.400000000000000563e-05,5.637317908736626075e-04
4.499999999999999606e-05,5.924807762300806930e-04
4.600000000000000004e-05,5.891144631334099433e-04
4.700000000000000401e-05,6.168902686867512716e-04
4.800000000000000122e-05,6.242291523948565162e-04
4.900000000000000519e-05,6.524915843448914283e-04
5.000000000000000240e-05,6.593438416563030891e-04
5.099999999999999960e-05,6.807938690041795545e-04
5.200000000000000358e-05,6.856996937191275074e-04
5.300000000000000078e-05,7.168818110590130781e-04
5.400000000000000476e-05,7.290866667728130614e-04
5.500000000000000196e-05,7.592955313193115729e-04
5.599999999999999238e-05,7.559291452323306298e-04
5.700000000000000314e-05,7.837050237759820431e-04
5.800000000000000034e-05,7.759592190896900769e-04
5.900000000000000432e-05,8.159001006378879340e-04
6.000000000000000152e-05,8.066944897518256267e-04
6.099999999999999872e-05,8.393363403011714534e-04
6.200000000000000270e-05,8.199120860167165422e-04
6.299999999999999990e-05,8.554735489656031594e-04
6.399999999999999710e-05,8.229110534812767623e-04
6.500000000000000786e-05,8.628519204314126024e-04
6.600000000000000506e-05,8.414813211388657600e-04
6.700000000000000226e-05,8.921273848937775943e-04
6.800000000000001302e-05,8.736763980007717593e-04
6.900000000000001022e-05,9.126440121575205401e-04
7.000000000000000742e-05,8.903002330618968322e-04
7.099999999999999107e-05,9.287812208219520292e-04
7.200000000000001538e-05,8.996250371241700915e-04
7.299999999999999903e-05,9.415122636804595544e-04
7.400000000000000978e-05,9.235479031841470864e-04
7.499999999999999343e-05,9.557031127387374207e-04
7.600000000000000418e-05,9.542831738462825278e-04
7.700000000000000139e-05,1.002982877995040739e-03
7.799999999999999859e-05,9.991299530997380975e-04
7.899999999999999579e-05,1.035177954856946522e-03
8.000000000000000654e-05,1.032784836161414546e-03
8.100000000000000375e-05,1.064940045716005097e-03
8.199999999999998740e-05,1.056221075824697849e-03
8.300000000000001170e-05,1.103460973773686153e-03
8.400000000000000890e-05,1.100094602284767227e-03
8.500000000000000611e-05,1.135169497229208437e-03
8.599999999999998976e-05,1.139588710145524606e-03
8.700000000000000051e-05,1.164931588088266795e-03
8.800000000000001126e-05,1.166917815001736192e-03
8.900000000000000847e-05,1.203452516145947851e-03
8.999999999999999212e-05,1.194733473264330626e-03
9.100000000000000287e-05,1.231268174408542502e-03
9.200000000000000007e-05,1.227901802919623576e-03
9.300000000000001083e-05,1.265896310263605684e-03
9.400000000000000803e-05,1.259610326375146076e-03
9.500000000000000523e-05,1.298578013522204942e-03
9.600000000000000243e-05,1.295698268429979491e-03
9.699999999999998608e-05,1.335152508983421639e-03
9.800000000000001039e-05,1.335192376290737521e-03
9.900000000000000759e-05,1.378052855640414043e-03
1.000000000000000048e-04,1.372740124545341386e-03
1.009999999999999884e-04,1.407814946499472185e-03
1.019999999999999992e-04,1.387417527010002642e-03
1.030000000000000100e-04,1.422005795557750160e-03
1.040000000000000072e-04,1.423018842668142799e-03
1.050000000000000044e-04,1.444468855417956705e-03
1.060000000000000016e-04,1.451807753724124401e-03
1.069999999999999988e-04,1.481043350879173619e-03
1.080000000000000095e-04,1.488868875582035007e-03
1.090000000000000067e-04,1.513725054137773094e-03
1.100000000000000039e-04,1.523010385040404497e-03
1.110000000000000011e-04,1.549812996192606509e-03
1.119999999999999848e-04,1.543040458897763619e-03
1.130000000000000091e-04,1.565463651450654716e-03
1.140000000000000063e-04,1.564530338954893624e-03
1.150000000000000035e-04,1.599118534512330948e-03
1.160000000000000007e-04,1.586020219012023195e-03
1.169999999999999979e-04,1.631800237770930206e-03
1.180000000000000086e-04,1.612376071074847613e-03
1.190000000000000058e-04,1.656209730227600676e-03
1.200000000000000030e-04,1.612942028449758196e-03
1.210000000000000002e-04,1.673320191685419333e-03
1.219999999999999974e-04,1.648543344107898136e-03
1.230000000000000082e-04,1.706975074747095781e-03
1.240000000000000054e-04,1.672952836564568606e-03
1.250000000000000026e-04,1.732844373403536484e-03
1.259999999999999998e-04,1.698822135221009309e-03
1.269999999999999970e-04,1.775258093663834979e-03
1.279999999999999942e-04,1.729557405883144858e-03
1.290000000000000185e-04,1.818645066717520858e-03
1.300000000000000157e-04,1.759806123138897126e-03
1.310000000000000129e-04,1.845000918780345060e-03
1.320000000000000101e-04,1.793461006200573358e-03
1.330000000000000073e-04,1.878169248435637793e-03
1.340000000000000045e-04,1.815437439664086428e-03
1.350000000000000017e-04,1.898685875699380630e-03
1.360000000000000260e-04,1.845686156919838696e-03
1.369999999999999961e-04,1.925528354158898307e-03
1.380000000000000204e-04,1.886640070980366742e-03
1.390000000000000176e-04,1.965995714813043287e-03
1.400000000000000148e-04,1.916402161839425100e-03
1.409999999999999849e-04,2.002083656867876052e-03
1.419999999999999821e-04,1.938865221699631429e-03
1.430000000000000064e-04,2.022113730725235824e-03
1.440000000000000308e-04,1.972033551354925029e-03
1.450000000000000009e-04,2.063067644785763870e-03
1.459999999999999981e-04,2.002282268610676430e-03
1.469999999999999953e-04,2.085044078249277157e-03
1.480000000000000196e-04,2.020365909871572278e-03
1.489999999999999897e-04,2.099721480713938413e-03
1.499999999999999869e-04,2.037962924735773999e-03
1.510000000000000112e-04,2.119264928174604493e-03
1.520000000000000084e-04,2.064318776798598851e-03
1.530000000000000056e-04,2.131995971033111802e-03
1.540000000000000028e-04,2.093107687854580453e-03
1.550000000000000000e-04,2.177815930089644237e-03
1.559999999999999972e-04,2.128222377116027134e-03
1.569999999999999944e-04,2.202711975952697989e-03
1.579999999999999916e-04,2.156524661775315044e-03
1.590000000000000159e-04,2.236853485411068130e-03
1.600000000000000131e-04,2.179474348032215281e-03
1.610000000000000103e-04,2.261749531274121882e-03
1.620000000000000075e-04,2.203397214092192059e-03
1.630000000000000047e-04,2.294917860929414615e-03
1.639999999999999748e-04,2.237538723550561333e-03
1.649999999999999991e-04,2.317380920789621161e-03
1.660000000000000234e-04,2.249296513615682124e-03
1.669999999999999935e-04,2.326219098455201053e-03
1.680000000000000178e-04,2.260081123877725508e-03
1.689999999999999879e-04,2.335057276120780945e-03
1.700000000000000122e-04,2.282544183737932053e-03
1.710000000000000094e-04,2.357520335980987924e-03
1.719999999999999795e-04,2.301114451395520726e-03
1.730000000000000309e-04,2.378523589641424237e-03
1.740000000000000010e-04,2.325523943852191629e-03
1.749999999999999982e-04,2.391254632499931546e-03
1.760000000000000225e-04,2.341661152516623552e-03
1.769999999999999926e-04,2.406418661361286494e-03
1.780000000000000169e-04,2.368990257372834921e-03
1.789999999999999870e-04,2.435694125823651378e-03
1.799999999999999842e-04,2.405078199427667686e-03
1.810000000000000356e-04,2.481027458483491856e-03
1.820000000000000057e-04,2.441652694888885033e-03
1.830000000000000029e-04,2.499111099744387270e-03
1.840000000000000001e-04,2.462169322152627654e-03
1.849999999999999973e-04,2.529359817000139104e-03
1.860000000000000217e-04,2.486092188212604866e-03
1.869999999999999917e-04,2.550363070660575417e-03
1.880000000000000161e-04,2.511961486869045568e-03
1.889999999999999862e-04,2.570879697924318037e-03
1.900000000000000105e-04,2.535397726532329088e-03
1.910000000000000077e-04,2.598208802780529840e-03
1.920000000000000049e-04,2.580731059192168265e-03
1.930000000000000021e-04,2.648894806833067099e-03
1.939999999999999722e-04,2.626064391852006574e-03
1.950000000000000236e-04,2.689848720893595578e-03
1.960000000000000208e-04,2.660205901310377149e-03
1.969999999999999909e-04,2.714258213350265615e-03
1.980000000000000152e-04,2.680722528574119769e-03
1.989999999999999853e-04,2.733801660810931695e-03
2.000000000000000096e-04,2.713890858229412503e-03
